X0:4422
Y0:1448
Z0:627
NX:134
NY:95
NZ:94
DX:2.99254
DY:2.97895
DZ:2.98936
ROT:0
NREAL:1
NDV:0.71
